00000000
00000000
00000000
00011100
00100010
00000010
00011010
00101010
00101010
00011100
00000000
00000000
00000000
00000000
00000000
00000000
00000000
00000000
00000000
00001000
00010100
00100010
00100010
00111110
00100010
00100010
00000000
00000000
00000000
00000000
00000000
00000000
00000000
00000000
00000000
00111100
00010010
00010010
00011100
00010010
00010010
00111100
00000000
00000000
00000000
00000000
00000000
00000000
00000000
00000000
00000000
00011100
00100010
00100000
00100000
00100000
00100010
00011100
00000000
00000000
00000000
00000000
00000000
00000000
00000000
00000000
00000000
00111100
00010010
00010010
00010010
00010010
00010010
00111100
00000000
00000000
00000000
00000000
00000000
00000000
00000000
00000000
00000000
00111110
00100000
00100000
00111000
00100000
00100000
00111110
00000000
00000000
00000000
00000000
00000000
00000000
00000000
00000000
00000000
00111110
00100000
00100000
00111100
00100000
00100000
00100000
00000000
00000000
00000000
00000000
00000000
00000000
00000000
00000000
00000000
00011110
00100000
00100000
00100110
00100010
00100010
00011110
00000000
00000000
00000000
00000000
00000000
00000000
00000000
00000000
00000000
00100010
00100010
00100010
00111110
00100010
00100010
00100010
00000000
00000000
00000000
00000000
00000000
00000000
00000000
00000000
00000000
00011100
00001000
00001000
00001000
00001000
00001000
00011100
00000000
00000000
00000000
00000000
00000000
00000000
00000000
00000000
00000000
00000010
00000010
00000010
00000010
00100010
00100010
00011100
00000000
00000000
00000000
00000000
00000000
00000000
00000000
00000000
00000000
00100010
00100100
00101000
00110000
00110000
00101000
00100100
00000000
00000000
00000000
00000000
00000000
00000000
00000000
00000000
00000000
00100000
00100000
00100000
00100000
00100000
00100000
00111110
00000000
00000000
00000000
00000000
00000000
00000000
00000000
00000000
00000000
00100010
00110110
00101010
00100010
00100010
00100010
00100010
00000000
00000000
00000000
00000000
00000000
00000000
00000000
00000000
00000000
00100010
00110010
00101010
00100110
00100010
00100010
00100010
00000000
00000000
00000000
00000000
00000000
00000000
00000000
00000000
00000000
00011100
00100010
00100010
00100010
00100010
00100010
00011100
00000000
00000000
00000000
00000000
00000000
00000000
00000000
00000000
00000000
00111100
00100010
00100010
00111100
00100000
00100000
00100000
00000000
00000000
00000000
00000000
00000000
00000000
00000000
00000000
00000000
00011100
00100010
00100010
00100010
00101010
00100100
00011010
00000000
00000000
00000000
00000000
00000000
00000000
00000000
00000000
00000000
00111100
00100010
00100010
00111100
00101000
00100100
00100010
00000000
00000000
00000000
00000000
00000000
00000000
00000000
00000000
00000000
00011100
00100010
00010000
00001000
00000100
00100010
00011100
00000000
00000000
00000000
00000000
00000000
00000000
00000000
00000000
00000000
00111110
00001000
00001000
00001000
00001000
00001000
00001000
00000000
00000000
00000000
00000000
00000000
00000000
00000000
00000000
00000000
00100010
00100010
00100010
00100010
00100010
00100010
00011100
00000000
00000000
00000000
00000000
00000000
00000000
00000000
00000000
00000000
00100010
00100010
00100010
00100010
00010100
00010100
00001000
00000000
00000000
00000000
00000000
00000000
00000000
00000000
00000000
00000000
00100010
00100010
00100010
00100010
00101010
00110110
00100010
00000000
00000000
00000000
00000000
00000000
00000000
00000000
00000000
00000000
00100010
00100010
00010100
00001000
00010100
00100010
00100010
00000000
00000000
00000000
00000000
00000000
00000000
00000000
00000000
00000000
00100010
00100010
00010100
00001000
00001000
00001000
00001000
00000000
00000000
00000000
00000000
00000000
00000000
00000000
00000000
00000000
00111110
00000010
00000100
00001000
00010000
00100000
00111110
00000000
00000000
00000000
00000000
00000000
00000000
00000000
00000000
00000000
00011100
00010000
00010000
00010000
00010000
00010000
00011100
00000000
00000000
00000000
00000000
00000000
00000000
00000000
00000000
00000000
00100000
00100000
00010000
00001000
00000100
00000010
00000010
00000000
00000000
00000000
00000000
00000000
00000000
00000000
00000000
00000000
00011100
00000100
00000100
00000100
00000100
00000100
00011100
00000000
00000000
00000000
00000000
00000000
00000000
00000000
00000000
00000000
00001000
00011100
00111110
00001000
00001000
00001000
00001000
00000000
00000000
00000000
00000000
00000000
00000000
00000000
00000000
00000000
00000000
00001000
00010000
00111110
00010000
00001000
00000000
00000000
00000000
00000000
00000000
00000000
00000000
00000000
00000000
00000000
00000000
00000000
00000000
00000000
00000000
00000000
00000000
00000000
00000000
00000000
00000000
00000000
00000000
00000000
00000000
00000000
00001000
00001000
00001000
00001000
00001000
00000000
00001000
00000000
00000000
00000000
00000000
00000000
00000000
00000000
00000000
00000000
00010100
00010100
00000000
00000000
00000000
00000000
00000000
00000000
00000000
00000000
00000000
00000000
00000000
00000000
00000000
00000000
00010100
00010100
00110110
00000000
00110110
00010100
00010100
00000000
00000000
00000000
00000000
00000000
00000000
00000000
00000000
00000000
00001000
00011110
00100000
00011100
00000010
00111100
00001000
00000000
00000000
00000000
00000000
00000000
00000000
00000000
00000000
00000000
00110010
00110010
00000100
00001000
00010000
00100110
00100110
00000000
00000000
00000000
00000000
00000000
00000000
00000000
00000000
00000000
00010000
00101000
00101000
00010010
00101100
00101100
00010010
00000000
00000000
00000000
00000000
00000000
00000000
00000000
00000000
00000000
00001000
00001000
00000000
00000000
00000000
00000000
00000000
00000000
00000000
00000000
00000000
00000000
00000000
00000000
00000000
00000000
00000100
00001000
00010000
00010000
00010000
00001000
00000100
00000000
00000000
00000000
00000000
00000000
00000000
00000000
00000000
00000000
00010000
00001000
00000100
00000100
00000100
00001000
00010000
00000000
00000000
00000000
00000000
00000000
00000000
00000000
00000000
00000000
00000000
00001000
00101010
00011100
00101010
00001000
00000000
00000000
00000000
00000000
00000000
00000000
00000000
00000000
00000000
00000000
00000000
00001000
00001000
00111110
00001000
00001000
00000000
00000000
00000000
00000000
00000000
00000000
00000000
00000000
00000000
00000000
00000000
00000000
00000000
00001100
00001100
00000100
00001000
00000000
00000000
00000000
00000000
00000000
00000000
00000000
00000000
00000000
00000000
00000000
00000000
00111110
00000000
00000000
00000000
00000000
00000000
00000000
00000000
00000000
00000000
00000000
00000000
00000000
00000000
00000000
00000000
00000000
00000000
00001000
00001000
00000000
00000000
00000000
00000000
00000000
00000000
00000000
00000000
00000000
00000010
00000010
00000100
00001000
00010000
00100000
00100000
00000000
00000000
00000000
00000000
00000000
00000000
00000000
00000000
00000000
00001000
00010100
00010100
00010100
00010100
00010100
00001000
00000000
00000000
00000000
00000000
00000000
00000000
00000000
00000000
00000000
00001000
00011000
00001000
00001000
00001000
00001000
00011100
00000000
00000000
00000000
00000000
00000000
00000000
00000000
00000000
00000000
00011100
00100010
00000010
00011100
00100000
00100000
00111110
00000000
00000000
00000000
00000000
00000000
00000000
00000000
00000000
00000000
00011100
00100010
00000010
00001100
00000010
00100010
00011100
00000000
00000000
00000000
00000000
00000000
00000000
00000000
00000000
00000000
00000100
00001100
00010100
00111110
00000100
00000100
00000100
00000000
00000000
00000000
00000000
00000000
00000000
00000000
00000000
00000000
00111110
00100000
00111100
00000010
00000010
00100010
00011100
00000000
00000000
00000000
00000000
00000000
00000000
00000000
00000000
00000000
00011100
00100000
00100000
00111100
00100010
00100010
00011100
00000000
00000000
00000000
00000000
00000000
00000000
00000000
00000000
00000000
00111110
00000010
00000100
00001000
00010000
00100000
00100000
00000000
00000000
00000000
00000000
00000000
00000000
00000000
00000000
00000000
00011100
00100010
00100010
00011100
00100010
00100010
00011100
00000000
00000000
00000000
00000000
00000000
00000000
00000000
00000000
00000000
00011100
00100010
00100010
00011110
00000010
00000010
00011100
00000000
00000000
00000000
00000000
00000000
00000000
00000000
00000000
00000000
00000000
00000000
00001000
00000000
00001000
00000000
00000000
00000000
00000000
00000000
00000000
00000000
00000000
00000000
00000000
00000000
00001100
00001100
00000000
00001100
00001100
00000100
00001000
00000000
00000000
00000000
00000000
00000000
00000000
00000000
00000000
00000000
00000100
00001000
00010000
00100000
00010000
00001000
00000100
00000000
00000000
00000000
00000000
00000000
00000000
00000000
00000000
00000000
00000000
00000000
00111110
00000000
00111110
00000000
00000000
00000000
00000000
00000000
00000000
00000000
00000000
00000000
00000000
00000000
00100000
00010000
00001000
00000100
00001000
00010000
00100000
00000000
00000000
00000000
00000000
00000000
00000000
00000000
00000000
00000000
00001000
00010100
00000100
00001000
00001000
00000000
00001000
00000000
00000000
00000000
00000000
00000000
00000000
